image_width: 1280
image_height: 1024
camera_name: 13201080
camera_matrix:
  rows: 3
  cols: 3
  data: [ 1509.74367,     0.     ,   624.55188,
             0.     ,  1508.44523,   503.60146,
             0.     ,     0.     ,     1.     ]
distortion_model: plumb_bob
distortion_coefficients:
  rows: 1
  cols: 5
  data: [-0.215954, 0.142433, -0.000362, 0.000859, 0.000000]
rectification_matrix:
  rows: 3
  cols: 3
  data: [ 0.99997408,  0.00656657,  0.00295332,
         -0.00657501,  0.99997431,  0.00285519,
         -0.0029345 , -0.00287453,  0.99999156]
projection_matrix:
  rows: 3
  cols: 4
  data: [ 1403.95004,     0.     ,   612.39198,  -125.14665,
             0.     ,  1403.95004,   500.15217,     0.     ,
             0.     ,     0.     ,     1.     ,     0.     ]
