image_width: 1280
image_height: 1024
camera_name: 13201080
camera_matrix:
  rows: 3
  cols: 3
  data: [1504.946079262835, 0, 652.3356917612846, 0, 1503.359132469765, 535.4713809625773, 0, 0, 1]
distortion_model: plumb_bob
distortion_coefficients:
  rows: 1
  cols: 5
  data: [-0.2229735836339737, 0.1257754457996541, 0.0006366633899685897, 0.002052490365745286, 0]
rectification_matrix:
  rows: 3
  cols: 3
  data: [0.9997210245518081, 0.005874975556272291, 0.02287701316379046, -0.005974204423708084, 0.9999730309423975, 0.004271565214115311, -0.02285130085108472, -0.004407045505539566, 0.9997291613228682]
projection_matrix:
  rows: 3
  cols: 4
  data: [1385.511342770738, 0, 608.4682998657227, -123.5345711996896, 0, 1385.511342770738, 533.0804710388184, 0, 0, 0, 1, 0]