image_width: 1280
image_height: 1024
camera_name: 13201068
camera_matrix:
  rows: 3
  cols: 3
  data: [1468.241971783327, 0, 640.7306987504375, 0, 1466.06141875782, 533.7777421005687, 0, 0, 1]
distortion_model: plumb_bob
distortion_coefficients:
  rows: 1
  cols: 5
  data: [-0.2335257625884824, 0.1661387888799006, 0.0002100762959698918, 0.0006757418982308249, 0]
rectification_matrix:
  rows: 3
  cols: 3
  data: [1, 0, 0, 0, 1, 0, 0, 0, 1]
projection_matrix:
  rows: 3
  cols: 4
  data: [1374.862548828125, 0, 641.6288308882868, 0, 0, 1374.0146484375, 534.7990172271675, 0, 0, 0, 1, 0]