image_width: 1280
image_height: 1024
camera_name: 13201068
camera_matrix:
  rows: 3
  cols: 3
  data: [1508.056757939298, 0, 648.8265756319371, 0, 1507.940920990545, 528.5561517323838, 0, 0, 1]
distortion_model: plumb_bob
distortion_coefficients:
  rows: 1
  cols: 5
  data: [-0.2292110953842213, 0.1844657135132193, 0.0003081515249085298, 0.002018469345401379, 0]
rectification_matrix:
  rows: 3
  cols: 3
  data: [0.9995245501273549, 0.003885559130993122, 0.0305871888696629, -0.003752770344674783, 0.9999832890785865, -0.00439753093364159, -0.03060376459602647, 0.004280653432802203, 0.9995224287622261]
projection_matrix:
  rows: 3
  cols: 4
  data: [1385.511342770738, 0, 608.4682998657227, 0, 0, 1385.511342770738, 533.0804710388184, 0, 0, 0, 1, 0]